41

155 63 100
147 7 85
128 22 145
89 44 192
49 35 130
4 47 73
54 11 73
97 39 94
56 56 163
57 53 113
135 5 101
103 46 134
59 59 68
60 48 98
106 64 118
61 37 62
63 6 70
149 1 71
137 40 74
108 67 80
66 70 94
69 14 73
114 41 103
75 61 53
81 36 101
11 15 61
139 51 119
123 32 79
83 58 97
17 42 194
20 18 170
84 10 79
22 4 115
25 8 200
126 24 168
85 16 103
30 26 85
36 3 122
87 45 68
37 27 95
46 50 83
75 77 65 11
61 79 68 24
57 48 21 33
36 32 38 48
20 144 60 2
17 18 29 45
49 50 13 30
147 148 12 30
61 92 127 0 3
75 74 77 65 1
37 42 77 65 23
46 40 72 17 21
114 44 148 12 6
61 94 129 30 1
84 127 0 8
54 55 158 19 14
155 92 127 0 3
66 92 127 0 5
89 150 159 28 8
135 140 148 12 2
20 9 8 54 21
135 140 144 60 12
11 150 159 28 10
11 150 31 9 28
61 94 142 43 1
66 92 121 2 18
149 100 99 25 5
155 21 71 142 43 4
20 18 29 11
61 94 92 121 2 24
123 122 124 69 2
87 90 98 23 8
147 145 144 60 7
106 107 20 38
106 148 12 10
59 58 52 12
155 129 30 28
63 91 120 31 17
75 73 72 17 21
57 16 73 72 17 10
103 105 92 121 120 31 6
20 79 68 18
128 127 0 5
126 124 69 6
66 67 49 35
30 154 157 33 6
61 94 90 98 23 8
106 148 144 60 4
155 21 71 77 65 7
57 41 150 31 9 14
57 8 54 2
75 76 71 77 65 1
75 76 74 77 65 10
57 16 73 74 77 65 2
135 140 104 107 20 14
37 42 33 58 52 1
97 2 142 43 23
75 76 72 17 5
36 35 50 13 13
149 38 134 57 6
66 68 67 49 12
37 42 78 62 20
128 93 134 57 31
155 157 33 8
57 33 58 52 5
36 35 50 51 71 2
97 129 30 16
135 45 66 7
46 45 66 28
139 138 72 17 19
46 40 51 71 16
149 100 3 31 9 7
75 159 28 22
61 94 131 34 16
147 144 60 24
11 14 47 48 21 1
57 41 65 55 19
49 133 132 134 57 2
11 1 101 99 25 9
63 41 65 55 8
149 100 102 130 131 34 5
89 94 131 34 30
128 1 101 99 25 10
89 42 78 62 10
97 2 48 21 19
66 47 48 21 5
57 16 90 99 25 4
89 42 130 131 34 4
75 159 158 19 17
20 79 80 157 33 13
17 101 99 25 5
